-9.968530535697937012e-01
6.825355529785156250e+00
4.161821365356445312e+00
5.716214656829833984e+00
4.005718708038330078e+00
3.342037916183471680e+00
1.856062531471252441e+00
2.987843990325927734e+00
4.428093910217285156e+00
4.763810634613037109e+00
1.361289978027343750e+00
1.834624171257019043e+00
1.160984277725219727e+00
1.395022630691528320e+00
8.126273751258850098e-01
4.790216922760009766e+00
3.614313840866088867e+00
3.685767650604248047e-01
3.201154708862304688e+00
1.222053527832031250e+00
4.931276142597198486e-01
5.381322383880615234e+00
4.563934326171875000e+00
5.578590393066406250e+00
5.434918403625488281e-01
5.063655853271484375e+00
2.659443855285644531e+00
5.988019943237304688e+00
5.253648281097412109e+00
3.089072704315185547e+00
