2.953132152557373047e+00
2.236857175827026367e+00
1.089464902877807617e+00
7.302095890045166016e-01
1.895581960678100586e+00
3.537346720695495605e-01
2.592674016952514648e+00
2.580717802047729492e+00
3.081418275833129883e+00
3.859927892684936523e+00
1.077349781990051270e+00
1.429045945405960083e-01
4.464202404022216797e+00
1.400493025779724121e+00
3.626234054565429688e+00
2.646963894367218018e-01
3.699479103088378906e+00
3.949057340621948242e+00
4.938250541687011719e+00
3.026126146316528320e+00
3.474204540252685547e+00
2.612145900726318359e+00
3.356595039367675781e+00
5.312674999237060547e+00
4.218155384063720703e+00
9.404313564300537109e-01
5.922575473785400391e+00
1.286739945411682129e+00
1.373295545578002930e+00
1.236563086509704590e+00
