3.142697811126708984e+00
6.283288002014160156e+00
-5.961189270019531250e-01
2.000988006591796875e+00
4.633987903594970703e+00
2.237983703613281250e+00
9.780232310295104980e-01
5.323332309722900391e+00
3.794869780540466309e-01
5.763225078582763672e+00
6.124277114868164062e+00
2.251703262329101562e+00
1.496551871299743652e+00
5.290804386138916016e+00
4.501968383789062500e+00
4.491932392120361328e+00
1.019862055778503418e+00
1.206957817077636719e+00
3.737334489822387695e+00
7.591439485549926758e-01
2.793206274509429932e-01
1.100155949592590332e+00
4.448127746582031250e+00
7.754753828048706055e-01
5.261560440063476562e+00
5.929510593414306641e+00
6.266423225402832031e+00
2.212220430374145508e+00
3.113604307174682617e+00
6.110608100891113281e+00
