2.927694797515869141e+00
3.400558233261108398e-01
4.906976699829101562e+00
3.269628763198852539e+00
5.733059883117675781e+00
6.251344203948974609e+00
4.280299186706542969e+00
3.623398840427398682e-01
7.458675503730773926e-01
4.822762966156005859e+00
2.541628360748291016e+00
4.758447647094726562e+00
2.181776046752929688e+00
2.076956033706665039e+00
2.501119136810302734e+00
3.483297109603881836e+00
2.217298984527587891e+00
3.479436397552490234e+00
4.749866485595703125e+00
3.272284746170043945e+00
1.991358041763305664e+00
2.626540660858154297e+00
1.422116160392761230e+00
6.042467594146728516e+00
3.539819478988647461e+00
3.679718255996704102e+00
2.479368925094604492e+00
3.634872913360595703e+00
6.273009777069091797e+00
2.059606552124023438e+00
