1.015479943707585221e+03
1.015466598781943276e+03
1.014984710645675705e+03
1.014302219781279518e+03
1.013495707176625729e+03
1.013627118154335676e+03
1.013575634295493387e+03
1.016005432958900997e+03
1.016701190796974743e+03
1.017666530846059231e+03
1.017029818531871001e+03
1.015188172727823144e+03
1.017195823460817337e+03
1.016969646000861985e+03
1.015482259091735045e+03
1.014566000559181134e+03
1.014268469212204309e+03
1.015816577694146076e+03
1.016323668916896168e+03
1.016866717793233761e+03
1.017485516575723977e+03
1.015527503147721177e+03
1.014783566433563692e+03
1.015431404396751873e+03
1.016771171505749180e+03
1.016907264125184156e+03
1.016795707176625683e+03
1.016076410117000250e+03
1.015410794755816369e+03
1.015501815323147412e+03
1.016308568823593646e+03
1.015422734200954437e+03
1.015618180724605963e+03
1.016001136517687655e+03
1.015514834427833534e+03
1.017979388824105285e+03
1.017347431552410171e+03
1.016661021864414238e+03
1.017180514020845294e+03
1.017130724598467395e+03
1.019271171505749180e+03
1.018037015035748482e+03
1.018617900093644835e+03
1.019139962431788376e+03
1.017272747203707695e+03
1.016219958077371075e+03
1.017208666618377947e+03
1.019636910052597500e+03
1.018345274059474491e+03
1.016072747203707650e+03
1.016824639253690748e+03
1.017486622903123475e+03
1.016595972259342602e+03
1.014495369231700806e+03
1.015636910052597500e+03
1.014878582911193234e+03
1.013678836996853306e+03
1.014302972634084199e+03
1.013609047229587986e+03
1.012088891693949677e+03
1.012585516575724000e+03
1.016210865917801925e+03
1.016796324044466132e+03
1.013802565735578355e+03
1.014320042071957118e+03
1.015696499705873293e+03
1.015843843118846280e+03
1.015293802972137883e+03
1.015083450049161797e+03
1.014759134703874452e+03
1.017670395610481478e+03
1.016820306643843651e+03
1.015729818531870819e+03
1.017221867595613048e+03
1.019246519550681114e+03
1.014776345455646378e+03
1.013355163867771580e+03
1.013240791220962933e+03
1.013402212607860520e+03
1.014119018650241060e+03
1.015011242808867223e+03
1.012965727214515141e+03
1.014886213962733677e+03
1.015228792719077205e+03
1.016403061172977345e+03
1.015470261822640850e+03
1.014240051794797182e+03
1.016086213962733723e+03
1.017690490839630343e+03
1.015804881119728066e+03
1.015648013597726845e+03
1.017237931628525189e+03
1.016889190167188644e+03
1.016615945586562134e+03
1.016695509307086468e+03
1.017409204317582748e+03
1.015072747203707650e+03
1.014047595144808270e+03
1.013734812326077304e+03
1.015220475415885403e+03
1.014951383144594729e+03
1.014107729156315258e+03
1.015753344689309529e+03
1.017586045530065917e+03
1.017715313879400469e+03
1.017129260174930096e+03
1.017346940652653529e+03
1.017586423008143925e+03
1.018611289651738502e+03
1.018439240068197250e+03
1.015956038811802955e+03
1.015356307730823801e+03
1.016862954187393257e+03
1.017302920822613032e+03
1.016552644300460884e+03
1.016361511784792015e+03
1.015242052316665649e+03
1.015935215127281822e+03
1.015374141022562981e+03
1.015702364905667423e+03
1.016301807159022360e+03
1.016543047294393205e+03
1.016066146299242973e+03
1.015265550699830101e+03
1.015680781003832863e+03
1.015393782947212571e+03
1.015270914345234701e+03
1.016397215640544914e+03
1.016360333627462410e+03
1.016229567351937362e+03
1.017430824381112984e+03
1.017906649945490017e+03
1.018520862512290478e+03
1.017684574475884347e+03
1.017233073149621418e+03
1.018456129048764637e+03
1.019307384606846540e+03
1.019689868498966007e+03
1.019449143069982483e+03
1.018652440559864090e+03
1.018363892015814827e+03
1.018363892015814827e+03
1.018324282005429268e+03
1.017770296585559890e+03
1.017171611475944587e+03
1.016820111209154220e+03
1.016900284129421948e+03
1.017490390501916409e+03
1.016516708391904899e+03
1.016075580955296800e+03
1.016414565009437524e+03
1.016430359822139167e+03
1.017015042456984474e+03
1.017515042456984474e+03
1.017275580955296846e+03
1.016084574475884324e+03
1.015405068960040808e+03
1.016047911730408600e+03
1.017513650277256943e+03
1.017256135329604149e+03
1.018107058039167782e+03
1.018651106303930192e+03
1.021380781003832908e+03
1.021782683341205143e+03
1.021733932119607971e+03
1.017040613287687165e+03
1.015530224002897626e+03
1.015174729289859442e+03
1.017177996644377686e+03
1.016548337424546389e+03
1.017302539935847676e+03
1.016974765132367565e+03
1.013698967483639763e+03
1.012680894228443549e+03
1.016350560329854488e+03
1.016910772537812591e+03
1.017428941183164739e+03
1.018146638998203002e+03
1.017000224882364250e+03
1.017130793184041977e+03
1.018212492445972771e+03
1.018590505579113938e+03
1.018790505579113983e+03
1.018915945586562202e+03
1.018942439985275314e+03
1.019339962431788422e+03
1.018337015035748436e+03
1.017956129048764637e+03
1.017907384606846563e+03
