1.795338538587093424e+01
1.861491144336759973e+01
1.916830670535564352e+01
2.293117133826017451e+01
2.242970142364502095e+01
2.162850900888443206e+01
2.041625965237617280e+01
2.054070525914430334e+01
1.974075836539268636e+01
2.101433238289319050e+01
1.970601544380188130e+01
2.001810406260192465e+01
1.892539205253124379e+01
1.912036707042716444e+01
1.778864398300648020e+01
1.695798214189708375e+01
1.835798214189708233e+01
1.918790642321109985e+01
1.758864398300647380e+01
1.740562724649207382e+01
1.911869893074035431e+01
1.967031805217266083e+01
1.935329848825931620e+01
1.923505675494670797e+01
1.873256807327270224e+01
2.113642953187227036e+01
2.059688304364681244e+01
2.035238540396094109e+01
2.115238540396094180e+01
1.936013497412205098e+01
1.820220914781094024e+01
1.812453274205326892e+01
1.871131503912620531e+01
2.011320087898057096e+01
1.891113754808902669e+01
2.012036707042716444e+01
1.856414526998996450e+01
1.726698404550552368e+01
1.797824186608195163e+01
1.743487042784690644e+01
1.753411457017064023e+01
1.829237052500247884e+01
1.807307471036910940e+01
1.955693191885947968e+01
1.957749961242079451e+01
1.993317981511354375e+01
2.044912096858024242e+01
1.986957126557826925e+01
1.954735788702964783e+01
1.949621608741581369e+01
1.643563626110553955e+01
1.591395521492231779e+01
1.642867652401328016e+01
1.761546388680581288e+01
1.823342786133289550e+01
1.897004415057599758e+01
1.903833461105823588e+01
2.057383246421813894e+01
2.093090174645185186e+01
1.992850900888443277e+01
1.865186250507831645e+01
1.881617930131033134e+01
2.011018353521358293e+01
1.816726222634315491e+01
1.791470955086406036e+01
1.831577178239822246e+01
1.874581189490854882e+01
1.821923432052135183e+01
1.720664303004741669e+01
1.719428949728608202e+01
1.865640993490814736e+01
1.856325953304767395e+01
1.874780524857341746e+01
1.887109535336494304e+01
1.908975579142570211e+01
1.912017778735607720e+01
1.820913240015507029e+01
1.911244654303882484e+01
1.935088452696800232e+01
1.914191337972879481e+01
1.937225595116615295e+01
1.992033107727766250e+01
2.010894199609756683e+01
1.987356158196925904e+01
2.030980636724271093e+01
2.116443166732788228e+01
2.111203916072845388e+01
2.002850900888443064e+01
1.988752464652061747e+01
1.983177661895751953e+01
1.944958254098892425e+01
1.878541160821914602e+01
2.021206937506794787e+01
2.009176093935966634e+01
1.946877956092357920e+01
1.832338690459727815e+01
1.853970477748661949e+01
1.919850212633609488e+01
1.921271371692418839e+01
1.916538102328777171e+01
1.922713812291621949e+01
1.931903274953365113e+01
2.146181617379188467e+01
2.016525707840919424e+01
1.937262799739837860e+01
1.947088540941476964e+01
1.916525707840919424e+01
1.981018353521358222e+01
1.988463368713856028e+01
1.973353222832083986e+01
1.989507659673690654e+01
1.991388117969036387e+01
2.005312866419554041e+01
1.989507659673690654e+01
1.947865157574415207e+01
2.072669766917824674e+01
1.970200514793395996e+01
2.040905203130095913e+01
1.982850900888443135e+01
1.921085068583488820e+01
1.920301613807678365e+01
2.001056070318445634e+01
2.029100391864776398e+01
1.932850900888443135e+01
1.683563626110553457e+01
1.671320087898056883e+01
1.734709473103284694e+01
1.783194244876503731e+01
1.791903274953365255e+01
1.801630055233836103e+01
1.785881273448467255e+01
1.908718690574169230e+01
1.804588046967983317e+01
1.792085108980536390e+01
1.829777598977088715e+01
1.930792052738834386e+01
1.958137770891189433e+01
1.917696640789509033e+01
1.826525707840919210e+01
1.779159253239631511e+01
1.789159253239631653e+01
1.845140973739325929e+01
1.583563626110553457e+01
1.531357804695143976e+01
1.594959220141172196e+01
1.627197505533695221e+01
1.373051415681838705e+01
1.301734972666017320e+01
1.403442420093342236e+01
1.365383088588714422e+01
1.542338441419414963e+01
1.654976331889628938e+01
1.532901339530944718e+01
1.560599148273468018e+01
1.603399174809455729e+01
1.580799508094787775e+01
1.541972198486328338e+01
1.443887719735503516e+01
1.481347979907877743e+01
1.422850900888442993e+01
1.332205880284309529e+01
1.295996682792901922e+01
1.551961273448542045e+01
1.552539205253124166e+01
1.456963265985250366e+01
1.594548158049583186e+01
1.706963265985250544e+01
1.540089333951473272e+01
1.388337048292159892e+01
1.335974492579698492e+01
1.356903242319822311e+01
1.443302229791879476e+01
1.430664303004741456e+01
1.425122578889131475e+01
1.634030320644378875e+01
1.510913240015506531e+01
1.332850900888442958e+01
1.371169220709707481e+01
1.450220914781093562e+01
1.469341328293084992e+01
1.512453274205327070e+01
1.501767899990081823e+01
1.437405644655227732e+01
1.571668620109558034e+01
1.621627311408519745e+01
1.601627311408519816e+01
1.613435116261243607e+01
1.512850900888442851e+01
1.413475562334060598e+01
