1.015492506684362752e+03
1.015472147730737902e+03
1.014995583391189598e+03
1.014311486829817227e+03
1.013498072554729902e+03
1.013628134144097430e+03
1.013577684334106721e+03
1.016001632250100442e+03
1.016700791845523099e+03
1.017669520981609708e+03
1.017033731590211460e+03
1.015193527439236505e+03
1.017190350440144471e+03
1.016975456523895218e+03
1.015490291158855143e+03
1.014572034242004293e+03
1.014273837512731689e+03
1.015814800000679725e+03
1.016327794786915319e+03
1.016868654475733706e+03
1.017487778184563012e+03
1.015535947115719182e+03
1.014787347282841665e+03
1.015432599106710427e+03
1.016766154570132471e+03
1.016907496803463459e+03
1.016798072554729856e+03
1.016080680544674351e+03
1.015416355417668797e+03
1.015501231241828691e+03
1.016307467604964017e+03
1.015427182161807991e+03
1.015616811503842541e+03
1.016000828188261949e+03
1.015518048286437988e+03
1.017974219860136600e+03
1.017353950431942962e+03
1.016666611364483856e+03
1.017183820882067039e+03
1.017135879988968441e+03
1.019266154570132471e+03
1.018044635201990673e+03
1.018618624591035768e+03
1.019144146160036257e+03
1.017281603072583607e+03
1.016225977218151002e+03
1.017208919270080514e+03
1.019630676890164523e+03
1.018353403939306759e+03
1.016081603072583562e+03
1.016822440061764723e+03
1.017489087163284353e+03
1.016603645752370312e+03
1.014504431051015786e+03
1.015630676890164523e+03
1.014884161046147256e+03
1.013685706736147381e+03
1.014302049532817819e+03
1.013615509344637303e+03
1.012096332608163380e+03
1.012587778184563035e+03
1.016203264500200817e+03
1.016801709044724817e+03
1.013815334662794953e+03
1.014320826778514288e+03
1.015699507296085244e+03
1.015851232893764859e+03
1.015302396367490246e+03
1.015085953444242364e+03
1.014764047205448037e+03
1.017672183881700107e+03
1.016825043503940037e+03
1.015733731590211391e+03
1.017217762830108427e+03
1.019241958700120449e+03
1.014787054878473214e+03
1.013360211734473637e+03
1.013244367763399964e+03
1.013405146674811817e+03
1.014119780518393895e+03
1.015011596854683035e+03
1.012973522783815838e+03
1.014879068630188613e+03
1.015229932132502995e+03
1.016402062460649177e+03
1.015477587461471558e+03
1.014246491590142227e+03
1.016079068630188658e+03
1.017692805244773695e+03
1.015813119137287117e+03
1.015649639917910122e+03
1.017235436749458245e+03
1.016894778728485107e+03
1.016620039337873436e+03
1.016697981659881748e+03
1.017409527869755379e+03
1.015081603072583562e+03
1.014050999753549718e+03
1.013736056343931637e+03
1.015214546310156607e+03
1.014953074331860989e+03
1.014112621702253819e+03
1.015746807470172598e+03
1.017588092199712946e+03
1.017718719815462805e+03
1.017134501506388233e+03
1.017348348812386348e+03
1.017589579941332318e+03
1.018611747407261305e+03
1.018442255063354992e+03
1.015962011374533290e+03
1.015357931332662815e+03
1.016858089280128524e+03
1.017302810035832294e+03
1.016558010911941551e+03
1.016363291937112876e+03
1.015248325777053878e+03
1.015933176483586408e+03
1.015378879591822624e+03
1.015701686480222179e+03
1.016301599271455757e+03
1.016544394525140547e+03
1.016070012313127449e+03
1.015270699460804508e+03
1.015677436380088352e+03
1.015395756137371109e+03
1.015272593230009079e+03
1.016393566960096450e+03
1.016361911678314300e+03
1.016232023602724098e+03
1.017433135157823472e+03
1.017906916369311489e+03
1.018521488361060619e+03
1.017688075633347012e+03
1.017235006156563713e+03
1.018453240510076284e+03
1.019306547669274664e+03
1.019691675440594508e+03
1.019452730339765480e+03
1.018656559568643615e+03
1.018366450932622001e+03
1.018366450932622001e+03
1.018326386627554939e+03
1.017772220216691494e+03
1.017172682762145996e+03
1.016820637226104850e+03
1.016900207047065464e+03
1.017488718190044096e+03
1.016519591698050590e+03
1.016077013768255711e+03
1.016413658789545252e+03
1.016431200136244229e+03
1.017012914060056232e+03
1.017512914060056232e+03
1.017277013768255756e+03
1.016088075633346989e+03
1.015406941993534474e+03
1.016045175220072224e+03
1.017509697540104298e+03
1.017259790752828167e+03
1.018106058399658536e+03
1.018652573337405784e+03
1.021377436380088398e+03
1.021786123757064388e+03
1.021738100147247337e+03
1.017050087007880165e+03
1.015535714861750535e+03
1.015178591819852500e+03
1.017171003340184598e+03
1.016553045238554432e+03
1.017302101696829709e+03
1.016979740495979740e+03
1.013709882856905438e+03
1.012683432117290863e+03
1.016340374430268980e+03
1.016914154367893843e+03
1.017434232111275264e+03
1.018150683688744948e+03
1.017011191862821647e+03
1.017140822365880013e+03
1.018212927283952013e+03
1.018594324374198891e+03
1.018794324374198936e+03
1.018920039337873504e+03
1.018946800780296371e+03
1.019344146160036303e+03
1.018344635201990627e+03
1.017953240510076284e+03
1.017906547669274687e+03
