2.853795410398125568e+03
2.804779657119365311e+03
2.827784561265940738e+03
2.733339236439766864e+03
2.740690774307336596e+03
2.688344583432616218e+03
2.610066681444310234e+03
2.620310190165861968e+03
2.526821807357121088e+03
2.626275522278498556e+03
2.627051347957119560e+03
2.738211275938770996e+03
2.796478715363439278e+03
2.839478211086001920e+03
3.144538940939326494e+03
2.980122940691189342e+03
3.031244947450835298e+03
2.916836443590801082e+03
2.954589264829503009e+03
3.011523757217890761e+03
2.919897809753501861e+03
2.697664008017907690e+03
2.750755614318465177e+03
2.773231128025993257e+03
2.794406462483619634e+03
2.654673441703942444e+03
2.625542289221665669e+03
2.608028218750854649e+03
2.568019551976855382e+03
2.740836709792790771e+03
2.788126402833896009e+03
2.788753123043011328e+03
2.760376409510742633e+03
2.781454744981250769e+03
2.765250549902906641e+03
2.708620412538334222e+03
2.529500100499137716e+03
2.552771865672237709e+03
2.791892758661078005e+03
2.759619155716482965e+03
2.708486673734199485e+03
2.622419345806972615e+03
2.720885116738412762e+03
2.803830979092476355e+03
2.807552019208097136e+03
2.815581180674636016e+03
2.797479651890133482e+03
2.882873779452554572e+03
2.822274827127482240e+03
2.906389576891128854e+03
2.894333354693550064e+03
2.904332864849137877e+03
2.935420746968440653e+03
2.911017754991186848e+03
2.820767081445941130e+03
2.868168118614150899e+03
2.923371056279991535e+03
2.854559367945162649e+03
2.768957650772208126e+03
2.778040974198057484e+03
2.717187062654595593e+03
2.619767748012911852e+03
2.612434685065880331e+03
2.635357084784869585e+03
2.562888147042937817e+03
2.597134410818905508e+03
2.652503638787001819e+03
2.598270269717670999e+03
2.521392776832609798e+03
2.405062218252580806e+03
2.525151566361938876e+03
2.431869475318119839e+03
2.336300453057610412e+03
2.462422520695500680e+03
2.346972567168910700e+03
2.429863047632843063e+03
2.444323010509062442e+03
2.527881474957736827e+03
2.373575632311979916e+03
2.386689718021283625e+03
2.325589056507351870e+03
2.377643953090677769e+03
