2.904536667446024239e+03
2.901295947831096328e+03
2.841572033208914945e+03
2.747092450171634482e+03
2.809986017794878535e+03
2.788158709156345139e+03
2.700845166147657892e+03
2.595744608682634407e+03
2.590464704953382807e+03
2.724014681783971355e+03
2.696896429975126011e+03
2.720159154295339249e+03
2.782371928530906644e+03
2.828748097563857755e+03
3.316880726516983032e+03
3.125074175308132908e+03
3.020603089592554170e+03
3.044148939004938711e+03
2.932236239930130523e+03
3.038537464235558673e+03
2.995316770550252841e+03
2.799948399966459874e+03
2.728687609056012207e+03
2.802924545326393400e+03
2.791642192820923356e+03
2.758776339145403654e+03
2.673274096735152852e+03
2.645215186319317581e+03
2.657821113378602604e+03
2.694069928559194977e+03
2.753728626469030587e+03
2.746642379601514676e+03
2.757845386913807943e+03
2.738591553394619950e+03
2.773143133276701974e+03
2.692021810301555888e+03
2.648265342565621722e+03
2.635117803376008851e+03
2.741898378191701795e+03
2.703530513732850068e+03
2.728329542925263013e+03
2.630471702028504296e+03
2.645194814655494156e+03
2.739187839347321642e+03
2.745935429950507114e+03
2.798544816044317940e+03
2.800333118807711344e+03
2.906908094309701937e+03
2.835639330051663364e+03
2.889341097111322597e+03
2.893500222883589231e+03
2.888867750614570923e+03
2.951407305346653175e+03
2.912401752010176097e+03
2.873422161037835849e+03
2.831625128380515434e+03
2.941776346660353738e+03
2.907136516877830218e+03
2.804073287780784995e+03
2.776379493563006690e+03
2.753752821697871696e+03
2.670079694287919665e+03
2.685567871473700052e+03
2.595722947540716177e+03
2.614523276418580735e+03
2.560692532381208366e+03
2.660791009815013240e+03
2.676449364014527873e+03
2.620119952982951872e+03
2.496404637929646015e+03
2.478141098789457828e+03
2.481808647259733789e+03
2.334203369729950737e+03
2.465874970245189616e+03
2.407474173928419077e+03
2.373816152675535704e+03
2.441234401886479645e+03
2.537871220125710352e+03
2.460121963446017617e+03
2.366108617197112380e+03
2.344591919140596474e+03
2.394089347206406273e+03
