2.904454364015444298e+03
2.823610404688789458e+03
2.796448985147284475e+03
2.754445576854993760e+03
2.767990251160813841e+03
2.699880147968624897e+03
2.631209941327089837e+03
2.451912679709595523e+03
2.559765104327023437e+03
2.575417935280159327e+03
2.612194172913055809e+03
2.600692325236221677e+03
2.713900478974896942e+03
2.759575542048411080e+03
3.126949227379978311e+03
2.958316370670271681e+03
2.919788320593929711e+03
2.909281931720784087e+03
2.866184836499646735e+03
2.983284395629595565e+03
2.885010636582424468e+03
2.675008237105524131e+03
2.717326831241832224e+03
2.777326879423106675e+03
2.741941428546083898e+03
2.673174346859558227e+03
2.625400717205055571e+03
2.568294586123273803e+03
2.580398559232897696e+03
2.503408316450842449e+03
2.771856455290012491e+03
2.759432000512732884e+03
2.766130354881926905e+03
2.762828032534895101e+03
2.762306466199903298e+03
2.674401167083662585e+03
2.587247002269615678e+03
2.530867748510950150e+03
2.683388102947909829e+03
2.698114960403294845e+03
2.656451519574466147e+03
2.553362858842754122e+03
2.592447372367127628e+03
2.663055789960238599e+03
2.737961332587478864e+03
2.710765654138148420e+03
2.755116530626553867e+03
2.794245377206537341e+03
2.822567274518037266e+03
2.804316644392634771e+03
2.853521149050317490e+03
2.821920110079832739e+03
2.901810049831421566e+03
2.874601530083328726e+03
2.807184182920201238e+03
2.806623802886305839e+03
2.868243233361822149e+03
2.857466626826803804e+03
2.728618263332550214e+03
2.716182904443249299e+03
2.697814999230986814e+03
2.588399513469268186e+03
2.566502209434833276e+03
2.584113354141288255e+03
2.547893972780782406e+03
2.542730074527017678e+03
2.564715125632759737e+03
2.574774873915676835e+03
2.480155200828222405e+03
2.353289481043821525e+03
2.388572957921497164e+03
2.400212075703745541e+03
2.229077212485553446e+03
2.340413675694870108e+03
2.322915348745985739e+03
2.290748353422590753e+03
2.393804706014790099e+03
2.356661615890706798e+03
2.348133715503098756e+03
2.316564646251471913e+03
2.280107667241267336e+03
2.318392441992269141e+03
