2.878673508763313293e+01
2.789982203543186401e+01
2.911761574926786267e+01
3.153788691014051437e+01
2.428559920191764832e+01
2.403327419306151569e+01
2.473442176282405924e+01
2.344064351916313171e+01
2.410346493311226368e+01
2.361150715947151113e+01
2.644188633714802350e+01
3.051776380538940359e+01
2.621795099973678589e+01
2.539874819517135762e+01
2.834629029631614827e+01
2.807230752706527710e+01
2.677246814668178487e+01
2.604262643307447433e+01
2.582131884545087885e+01
2.648066504299640656e+01
2.538429710865020894e+01
2.461957305474206947e+01
2.689264954328537272e+01
2.687433193027973388e+01
2.453993555307388164e+01
2.396874313503503728e+01
2.782583643225952841e+01
2.860283651351928569e+01
2.783455213904380443e+01
2.810899727642535950e+01
2.833455213904380443e+01
2.943055444359779216e+01
2.684751930832862854e+01
2.413610122203827046e+01
2.702231328240596042e+01
2.158652703166008280e+01
1.874984371960163188e+01
2.183992903167381883e+01
2.419429074674844671e+01
2.305151380300521780e+01
2.156768476665019918e+01
2.346328464224934507e+01
2.229318295717239806e+01
2.115985244959593103e+01
2.190159431695938252e+01
1.992539322376251576e+01
1.876542105078697631e+01
2.173640588182025013e+01
2.240622660666704391e+01
2.255554675459861613e+01
2.275529430583119606e+01
2.643053396539762900e+01
2.268079893589019491e+01
2.147875898182391907e+01
2.380128895342349793e+01
2.483844440579414226e+01
2.459145550131797719e+01
2.416355013847350719e+01
2.117523435354232575e+01
2.564071195386350155e+01
2.808705085515976307e+01
2.718665771484375071e+01
2.585729486942291189e+01
2.443470029830932688e+01
2.461745960712433146e+01
2.818459594249725697e+01
2.728421968519687724e+01
2.456563142538070821e+01
2.295354031026363728e+01
2.257099777162074972e+01
2.412348766569048308e+01
2.672348766569048450e+01
2.628375667333602905e+01
2.692466204897500859e+01
2.126175898909568929e+01
1.946282999236136391e+01
2.052267682403325821e+01
2.464540948700159362e+01
2.697583058476448059e+01
2.531392654180526591e+01
2.358988027572631907e+01
2.599438261985778809e+01
2.784087027907371237e+01
2.852202229499816966e+01
2.708228350579738475e+01
2.692866615504026129e+01
2.864968911409378194e+01
2.776771946549415659e+01
2.861128972992301200e+01
3.090626672953367304e+01
3.144762732684612061e+01
2.615417523384094522e+01
2.693131688758731102e+01
2.811826353073120188e+01
2.816754081249237274e+01
2.817172136306762908e+01
2.605756502151489329e+01
2.611226251125335907e+01
2.806449618041515137e+01
2.701426084041595388e+01
2.647793034017085745e+01
2.661420301944017197e+01
2.623736313730478287e+01
2.813921614885330058e+01
2.991761574926785983e+01
3.372074743802659214e+01
2.749318295717239380e+01
2.436929010450839783e+01
2.487372144311666133e+01
2.688125894516706182e+01
2.761475522220134593e+01
2.807372144311666418e+01
2.673407011926173737e+01
3.002989811152219701e+01
3.047725081741809561e+01
3.018410343527793671e+01
3.000561092495918203e+01
3.004741941690444662e+01
3.101644136598333290e+01
3.382391426563263082e+01
3.435856015682220033e+01
3.383900772333145568e+01
3.075231957435607910e+01
2.971125081777572419e+01
3.543366565415635705e+01
3.155695872306823802e+01
3.002161878347396851e+01
3.027313444614409832e+01
3.048883832693099549e+01
3.132606806755065776e+01
3.030527667999267649e+01
2.758361539468168999e+01
3.122212584465741969e+01
3.070316461771726679e+01
3.133939705230295303e+01
2.995231957435608194e+01
3.001722428817302202e+01
3.058104501962661814e+01
3.130215707868337560e+01
3.083244533538818644e+01
3.016878987550735403e+01
3.061244187951088236e+01
3.067000399231910990e+01
2.946055735349655436e+01
3.061565844379365942e+01
3.144741941690445586e+01
3.216693949699401145e+01
3.205510033369063905e+01
3.144371784925460744e+01
3.158535991311073232e+01
3.152848163545131754e+01
3.251096091065555527e+01
3.328934725522994853e+01
3.292784949541092487e+01
3.307424250245094299e+01
3.364570191502571106e+01
3.424754050076008838e+01
3.318947163820266866e+01
3.233243448734283731e+01
3.274551637098193169e+01
3.291252681165933325e+01
3.275855931192636916e+01
3.381213529394008077e+01
3.386121821999550008e+01
3.391252681165934035e+01
3.437677015513182255e+01
3.481252681165933893e+01
3.484590027928352640e+01
3.496686168015003915e+01
3.450681402385235685e+01
3.488878172636032104e+01
3.464011384844780395e+01
3.190758375525473767e+01
3.271448406050912894e+01
3.210851158499718139e+01
3.016040147840976715e+01
3.202153036021627486e+01
3.230943941473960734e+01
3.139965093731880330e+01
3.276288792267441607e+01
3.275988727211952067e+01
3.244046987444162511e+01
3.195988727211951996e+01
2.630371131896972869e+01
2.271249332427978374e+01
2.674071195386350297e+01
3.035231491327285624e+01
3.064292576313019012e+01
3.071667503118514730e+01
