1.795459126234054636e+01
1.861655681096017290e+01
1.916958455443382192e+01
2.293181967586278702e+01
2.242993891239166260e+01
2.162870343923568939e+01
2.041646797060966279e+01
2.054134067445993139e+01
1.974093890786171102e+01
2.101516124838963151e+01
1.970634875297546529e+01
2.001915105059742928e+01
1.892576008141040944e+01
1.912154493192210936e+01
1.778905367553234385e+01
1.695926733240485262e+01
1.835926733240485120e+01
1.918904872685671137e+01
1.758905367553233745e+01
1.740696745509048782e+01
1.911997210457920815e+01
1.967136908769607473e+01
1.935427986383438181e+01
1.923615774512290955e+01
1.873343942761421133e+01
2.113708208352327134e+01
2.059705664217472076e+01
2.035286193694918921e+01
2.115286193694918992e+01
1.936035023629665730e+01
1.820277700573206303e+01
1.812516425475478243e+01
1.871196940662339614e+01
2.011396430772729360e+01
1.891140836179256368e+01
2.012154493192210936e+01
1.856458273828029348e+01
1.726819449961185171e+01
1.797948400378227163e+01
1.743566256463527608e+01
1.753547128513455178e+01
1.829349789768457413e+01
1.807414263933896947e+01
1.955732875168323304e+01
1.957819446325301982e+01
1.993374703526496816e+01
2.044935879111289623e+01
1.986988487541675497e+01
1.954751869440078593e+01
1.949658841677009846e+01
1.643587929904461120e+01
1.591476226816885386e+01
1.642948125042021346e+01
1.761635818905197226e+01
1.823426165208220695e+01
1.897097990084439800e+01
1.903901942223310328e+01
2.057404224872589182e+01
2.093135814666747763e+01
1.992870343923569010e+01
1.865214160382747721e+01
1.881675139646977257e+01
2.011077246596105539e+01
1.816752609610557556e+01
1.791556022861040987e+01
1.831649222820997025e+01
1.874668615534901761e+01
1.821967378258704784e+01
1.720732936263084412e+01
1.719508871734142375e+01
1.865709426999091747e+01
1.856368144452571656e+01
1.874839817173778656e+01
1.887155290842056132e+01
1.908988078236579611e+01
1.912058967072516324e+01
1.820929211080074595e+01
1.911316634728573405e+01
1.935119923949241638e+01
1.914251511991023946e+01
1.937276883423328400e+01
1.992101183980703638e+01
2.010935879349708699e+01
1.987380608320236064e+01
2.031037348574027490e+01
2.116476325988769602e+01
2.111235122680664134e+01
2.002870343923568797e+01
1.988809694349765778e+01
1.983205633163452219e+01
1.945001992583274841e+01
1.878567494153976369e+01
2.021276736706495214e+01
2.009199703335762166e+01
1.946931857466697835e+01
1.832364383041858247e+01
1.854055151967331483e+01
1.919906416535377147e+01
1.921334858834743287e+01
1.916594616472720958e+01
1.922775672227144028e+01
1.931961598843335892e+01
2.146220524311065603e+01
2.016540984511375356e+01
1.937290586233139322e+01
1.947135316729545451e+01
1.916540984511375356e+01
1.981077246596105468e+01
1.988482117354870127e+01
1.973406457304954742e+01
1.989543016552925181e+01
1.991434687823057459e+01
2.005353976637125157e+01
1.989543016552925181e+01
1.947902157306671356e+01
2.072692424319684434e+01
1.970211625099182129e+01
2.040957552529871322e+01
1.982870343923568868e+01
1.921134201884269999e+01
1.920347188115119863e+01
2.001117144618183374e+01
2.029138426780700755e+01
1.932870343923568868e+01
1.683587929904460623e+01
1.671396430772729147e+01
1.734777956604957438e+01
1.783269899562001015e+01
1.791961598843336034e+01
1.801703034415841032e+01
1.785934084653854370e+01
1.908751494437456131e+01
1.804599851667881083e+01
1.792123997043817951e+01
1.829812431335449219e+01
1.930837858463637602e+01
1.958166785240173269e+01
1.917721712291240621e+01
1.826540984511375143e+01
1.779198228418826844e+01
1.789198228418826986e+01
1.845190966315567493e+01
1.583587929904460623e+01
1.531436328794806911e+01
1.595039545595645691e+01
1.627274289131164409e+01
1.373081969022750570e+01
1.301835309015586617e+01
1.403547708950936368e+01
1.365455472469329656e+01
1.542473677368834473e+01
1.655088212788104585e+01
1.532965641021728409e+01
1.560695750117302083e+01
1.603487160205840922e+01
1.580872639417648529e+01
1.542052900195121978e+01
1.443953693434596275e+01
1.481418839301914048e+01
1.422870343923568726e+01
1.332265873923897814e+01
1.296041474342346156e+01
1.552074697148055016e+01
1.552576008141040731e+01
1.457048418074846197e+01
1.594665753543376674e+01
1.707048418074846197e+01
1.540128914415836370e+01
1.388419640660285914e+01
1.336061775535344864e+01
1.356993920505046702e+01
1.443407894447445727e+01
1.430732936263084198e+01
1.425203939229249883e+01
1.634044981598854207e+01
1.510929211080074097e+01
1.332870343923568690e+01
1.371236838684417236e+01
1.450277700573206019e+01
1.469394663423299718e+01
1.512516425475478243e+01
1.501804134249687195e+01
1.437447837889194524e+01
1.571723548173904383e+01
1.621655812561511922e+01
1.601655812561511993e+01
1.613474913686513901e+01
1.512870343923568583e+01
1.413507630825042760e+01
