2.896604417231532807e+03
2.886303897095031516e+03
2.759106329232955432e+03
2.769642628432782658e+03
2.787039276058057112e+03
2.772077242856876637e+03
2.673873146016749160e+03
2.468487300544018581e+03
2.615034192533130863e+03
2.659953836036900157e+03
2.667893272035494647e+03
2.624161279770088640e+03
2.765734401223901386e+03
2.839850079692512281e+03
3.314832345553296818e+03
3.020994154442294985e+03
3.016612630139115936e+03
3.057860863739780143e+03
2.912901240232625241e+03
3.011168172876948574e+03
2.954940386728729209e+03
2.796932540371509731e+03
2.646290115734303072e+03
2.829694971672130123e+03
2.775000974142983978e+03
2.775987864010776775e+03
2.688356895316984264e+03
2.627865599753420611e+03
2.685934902291023718e+03
2.500297898899751090e+03
2.838165795280717248e+03
2.773712401630277782e+03
2.810285425795733317e+03
2.803479203385418259e+03
2.841768179464836521e+03
2.754147781257671340e+03
2.730086279246006143e+03
2.495986382326846069e+03
2.728878637652328962e+03
2.698275237553083571e+03
2.769103274195110316e+03
2.649037499853115150e+03
2.597960122725784913e+03
2.714342406014285189e+03
2.752515474093375360e+03
2.725661052710747299e+03
2.801782212650165093e+03
2.770174058955295095e+03
2.845934274890060806e+03
2.826306770079066609e+03
2.892359410684139220e+03
2.840558884312349619e+03
2.920690969715488336e+03
2.887854981770179620e+03
2.878191224114845681e+03
2.810302871895626595e+03
2.856071161424661113e+03
2.918510145117573757e+03
2.779994518079866793e+03
2.745317627517349138e+03
2.757337396512374653e+03
2.663356726875627828e+03
2.679887825299161250e+03
2.573590320365108710e+03
2.652226293641978828e+03
2.547315603935765921e+03
2.594909354992776116e+03
2.688450956125177072e+03
2.612639850563468826e+03
2.503427202182536348e+03
2.382211861511646021e+03
2.519672245601406303e+03
2.259892493766154985e+03
2.407894625867224022e+03
2.402728391372475926e+03
2.294754932579470278e+03
2.401293536285273149e+03
2.416877153288086447e+03
2.460451652713513340e+03
2.306813134950608401e+03
2.286050962366748081e+03
2.377965444936382482e+03
