7.279399401135742664e+01
7.388839225984028758e+01
7.383013793639838696e+01
7.316970093544709641e+01
7.394463736587586311e+01
7.370979039238899588e+01
7.520703381550161737e+01
7.539490590536560433e+01
7.628564013661508625e+01
7.746374345431283359e+01
7.898469696629213388e+01
7.602890573696923582e+01
7.270404971656661530e+01
7.138107201850043282e+01
7.237674672936515208e+01
7.470048978108967219e+01
7.662407983029201830e+01
7.699985542712963138e+01
7.604637741297483444e+01
7.397400175943430156e+01
7.545978161490192804e+01
7.542049670428578168e+01
7.384938794211093693e+01
7.292396408855374546e+01
7.450161505710345011e+01
7.880219210120395701e+01
7.789035226613823681e+01
7.800639750202336131e+01
7.920811266125329553e+01
7.732922902004011689e+01
7.661902471818029881e+01
7.211802732898115664e+01
7.304405414571851907e+01
7.479361692941937179e+01
7.469256297199034123e+01
7.530185248288344724e+01
7.473650674539129568e+01
7.430353778427371481e+01
7.764332293058264156e+01
8.204366792641204142e+01
8.658656191381743383e+01
8.710891520691068024e+01
8.714776861411588982e+01
8.692006653598296850e+01
8.792449026252398880e+01
8.317127053300498574e+01
8.112675548685223248e+01
8.308723216559189950e+01
8.340147085116666403e+01
8.426428806212912548e+01
8.504624776345886517e+01
8.149593927664875537e+01
7.946819481173149313e+01
7.906680999829934819e+01
7.950518605864826327e+01
7.959708418893055182e+01
7.801155704087248921e+01
8.116889614099984840e+01
8.318586590489921662e+01
8.157628785338434341e+01
8.408040312888134338e+01
8.552442307399049071e+01
8.427442307399049071e+01
8.428907018461697476e+01
8.307276438728621315e+01
8.288393350108917446e+01
8.173123691812698155e+01
7.976495990529656410e+01
8.433487816722802677e+01
8.518542627331703443e+01
7.899205667479745330e+01
7.629876511684469165e+01
7.445262711122632027e+01
7.248439574032481403e+01
7.384149028547108173e+01
7.533025260356062347e+01
7.647991610223520809e+01
7.916799229076237054e+01
7.794428868194614779e+01
7.666433104091645134e+01
7.582497847451760720e+01
7.833498349703907593e+01
7.871786170591951759e+01
8.012682572672343895e+01
7.382240681048328668e+01
6.979266264829358590e+01
6.992072145567908592e+01
6.940776221093031495e+01
7.009415787197758618e+01
7.254876846045864625e+01
7.283182135907810562e+01
7.267328308313544483e+01
6.991237257188967646e+01
7.316880836615870010e+01
7.464526262634134923e+01
7.507140568595322350e+01
7.438574354799247601e+01
7.096832441416229642e+01
7.296886332298953448e+01
7.746016783420840568e+01
7.877480279645324401e+01
7.914275779263344646e+01
7.900287840443945697e+01
7.684056040861274539e+01
7.767550354603233131e+01
6.890185755863197414e+01
6.675278246250785230e+01
6.882070583877610659e+01
6.918729446016781992e+01
6.817520661476461896e+01
6.769990208487158156e+01
6.882772010701788190e+01
7.553367311935625139e+01
6.920430823485556004e+01
6.709511194873147133e+01
6.633679895397884252e+01
6.462300044785760633e+01
6.579336071446174117e+01
6.742818967109393213e+01
6.613941917764879008e+01
6.111126841278553457e+01
5.782196421863374525e+01
5.929353627414612049e+01
6.048332165204529076e+01
6.049141677864436417e+01
5.812653839960694313e+01
5.561169574082978784e+01
5.501514100724568124e+01
5.566846604427279743e+01
5.664008053810561449e+01
5.342134178965154945e+01
5.138830031642716278e+01
5.196468177464030447e+01
4.994277015491196892e+01
4.856124739318347849e+01
4.481381347565714179e+01
4.291817639729240597e+01
4.079152417182334034e+01
4.025180816175564047e+01
3.998761291847660004e+01
4.083533459640993613e+01
4.185880883201416225e+01
4.212444806308094769e+01
3.488927473198468476e+01
2.943886565547474987e+01
3.279487921923910676e+01
3.291194866381777473e+01
2.814628182417715152e+01
2.553826897608749036e+01
2.725739836135165106e+01
3.328018602402099191e+01
3.277246491447631627e+01
3.199833764487016197e+01
3.499495630872610263e+01
4.052047485671937466e+01
3.616454724013264865e+01
3.139008931068178043e+01
2.615099378930164420e+01
2.456008587846292102e+01
2.908551893357716267e+01
3.290762688705719086e+01
2.822843196243635333e+01
2.343257609829450772e+01
2.065389048532534133e+01
2.396150200181432055e+01
2.665266747950090220e+01
2.599915128858845037e+01
2.597274458777412676e+01
2.975394746418658798e+01
3.212896286568502546e+01
3.774098168481663862e+01
3.289128728699866144e+01
2.513639841764036476e+01
2.199800306769398972e+01
2.398109179411203229e+01
2.606399455437400547e+01
2.538351700240936637e+01
2.514227037909560636e+01
2.328190377694082969e+01
2.496331583348741390e+01
2.559095899964131604e+01
2.530577919224352357e+01
2.681880552647635341e+01
2.700849211215972900e+01
2.588175746798515320e+01
2.991751808597335227e+01
3.095362151263676154e+01
3.070602123630631297e+01
3.129503874092221238e+01
