1.938462350171804428e+06
2.015626706105470657e+06
1.434033781957626343e+06
1.714662436264753342e+06
1.608470388281345367e+06
9.247878185689449310e+05
2.065997396707534790e+06
3.190226172208786011e+06
2.638951055073738098e+06
2.354838615685701370e+06
2.191074282133579254e+06
1.990157027536630630e+06
2.078543830740451813e+06
2.011873386955261230e+06
4.180156442898511887e+06
4.480258410334587097e+06
3.654595406270027161e+06
3.355400539571046829e+06
2.962133855557441711e+06
2.579150594699382782e+06
2.554814441657066345e+06
7.342236185610294342e+05
1.555860620665550232e+06
1.289595434176921844e+06
1.264736898255348206e+06
1.235490774202346802e+06
1.516173280227184296e+06
1.559197681021690369e+06
1.593702394509315491e+06
1.863538830637931824e+06
2.010033726501464844e+06
1.758856689834594727e+06
1.721484198379516602e+06
1.585795048904418945e+06
1.459825067520141602e+06
1.460093507385253906e+06
1.468975638717412949e+06
2.401919679975509644e+06
2.237896837353706360e+06
1.856431974840164185e+06
1.779439627361297607e+06
1.928767593598365784e+06
2.016793654847145081e+06
1.493170376041531563e+06
1.334201693415641785e+06
2.229320431190729141e+06
2.257543704104423523e+06
1.968279795545339584e+06
1.930372839051485062e+06
1.698633152902126312e+06
1.555768769919872284e+06
1.630248150467872620e+06
7.427236857771873474e+05
1.245937107753753662e+06
1.275539805907011032e+06
1.507687373304367065e+06
1.259895549803972244e+06
1.170515103262662888e+06
1.260895213264226913e+06
1.273434719026088715e+06
1.137369981998205185e+06
1.062902193731069565e+06
1.434587244963645935e+06
1.306425390052795410e+06
1.336198413515090942e+06
1.066472814178466797e+06
8.920354827404022217e+05
1.287950221872329712e+06
1.327419275856018066e+06
2.171698900943994522e+06
2.422954962682723999e+06
2.392971255201101303e+06
3.161602545112371445e+06
2.480580168581008911e+06
1.882461219286918640e+06
1.720215563809871674e+06
1.340808882141113281e+06
1.193829831314086914e+06
1.663999243950843811e+06
1.876244645881652832e+06
2.090411644506454468e+06
1.977246281695365906e+06
