4.866926789283752441e+00
4.019291239092126489e+00
6.705531574785709381e+00
1.524181127548217773e+00
5.044094260782003403e+00
7.339806556701660156e+00
3.794022083282470703e+00
5.139358520507812500e+00
5.823081970214843750e+00
3.794022083282470703e+00
5.653820902109146118e+00
3.008304774761199951e+00
3.857143372297286987e+00
4.270574703812599182e+00
3.812865674495697021e+00
7.024803021689876914e+00
3.181435465812683105e+00
1.795161336660385132e+00
4.593503355979919434e+00
3.159400105476379395e+00
2.516528591513633728e+00
4.059173002839088440e+00
4.030200242996215820e+00
7.411540985107421875e+00
4.745721846818923950e+00
4.668277963995933533e+00
8.008267673896625638e+00
5.762090563774108887e+00
8.022047130391001701e+00
7.971763014793395996e+00
5.453050136566162109e+00
4.933632045984268188e+00
3.471597820520401001e+00
2.868166759610176086e+00
4.868166759610176086e+00
3.302033424377441406e+00
1.003031480428762734e+01
7.286271691322326660e+00
3.714696258306503296e+00
6.820862744003534317e+00
7.286271691322326660e+00
4.187158942222595215e+00
4.714696258306503296e+00
4.624286055564880371e+00
6.086924999952316284e+00
5.225074887275695801e+00
2.027558912988752127e+00
7.270574703812599182e+00
7.339789032936096191e+00
8.019291239092126489e+00
8.857143372297286987e+00
4.419344902038574219e+00
2.722305774688720703e+00
2.411540985107421875e+00
3.024803021689876914e+00
5.406040996313095093e+00
2.971763014793395996e+00
2.024803021689876914e+00
3.453050136566162109e+00
3.738172620534896851e+00
5.406040996313095093e+00
4.933632045984268188e+00
4.868166759610176086e+00
1.524181127548217773e+00
5.041338369483128190e+00
7.286271691322326660e+00
3.755083560943603516e+00
5.113611266016960144e+00
4.286271691322326660e+00
2.187158942222595215e+00
2.755083560943603516e+00
-1.032266259193420410e+00
-2.467115074396133423e-01
4.914436936378479004e-01
-1.131833240389823914e+00
2.745721846818923950e+00
1.103307069558650255e+01
9.838689804077148438e+00
4.837624073028564453e+00
5.139358520507812500e+00
6.823081970214843750e+00
5.794022083282470703e+00
6.273457050323486328e+00
3.048149496316909790e+00
3.453050136566162109e+00
1.002755891298875213e+01
1.207659924030303955e+01
1.007250040769577026e+01
6.629017353057861328e+00
4.117311477661132812e+00
6.375261634588241577e+00
1.056128048896789551e+01
7.076599240303039551e+00
4.527370423078536987e+00
3.563009023666381836e+00
2.048149496316909790e+00
2.917795181274414062e+00
1.411540985107421875e+00
3.027558912988752127e+00
6.419344902038574219e+00
7.022047130391001701e+00
2.629017353057861328e+00
5.044094260782003403e+00
2.495944142341613770e+00
-2.157626897096633911e+00
-1.157626897096633911e+00
-6.256003379821777344e-01
3.052381724119186401e-01
2.305238172411918640e+00
-1.969799757003784180e+00
2.745721846818923950e+00
3.013779456494376063e+00
2.762090563774108887e+00
5.022047130391001701e+00
3.524181127548217773e+00
9.677337408065795898e-01
1.893631666898727417e+00
2.967733740806579590e+00
2.491443693637847900e+00
1.008304774761199951e+00
3.030314804287627339e+00
1.037418699264526367e+01
8.971763014793395996e+00
9.738172620534896851e+00
3.733853578567504883e+00
8.692499995231628418e-02
4.041338369483128190e+00
5.778653860092163086e+00
4.113611266016960144e+00
7.004833891987800598e+00
7.268824040889739990e+00
1.037526163458824158e+01
1.449088901281356812e+01
1.449144369363784790e+01
1.445305013656616211e+01
1.296547892689704895e+01
1.145305013656616211e+01
1.381214302778244019e+01
1.374572184681892395e+01
1.220967245101928711e+01
1.201102356519550085e+01
1.401102356519550085e+01
1.901929123909212649e+01
1.073385357856750488e+01
6.086924999952316284e+00
5.154827237129211426e+00
6.038582478184252977e+00
6.714286744594573975e+00
4.984269380569458008e+00
6.984269380569458008e+00
1.002430975437164307e+01
8.435880601406097412e+00
8.491443693637847900e+00
3.866926789283752441e+00
3.397890329360961914e-01
4.030314804287627339e+00
9.767769232392311096e+00
8.629017353057861328e+00
6.490889012813568115e+00
8.030200242996215820e+00
1.037526163458824158e+01
1.303020024299621582e+01
1.107250040769577026e+01
6.024309754371643066e+00
5.315812885761260986e+00
4.471597820520401001e+00
6.030314804287627339e+00
1.046407383680343628e+01
9.576967537403106689e+00
8.917795181274414062e+00
5.181435465812683105e+00
2.516528591513633728e+00
2.642797201871871948e+00
1.205787371727637947e+01
1.710228806734085083e+01
1.259165123105049133e+01
1.249552166461944580e+01
1.452885246276855469e+01
1.498288738727569580e+01
1.503820514678955078e+01
5.965478926897048950e+00
9.024803021689876914e+00
1.603031480428762734e+01
1.907250040769577026e+01
1.173385357856750488e+01
8.624286055564880371e+00
9.624286055564880371e+00
1.062428605556488037e+01
8.234735012054443359e+00
